# robot-hat config and calibration value of robots

legs_servo_offset_list = [-8.791208791208794, -1.7582417582417584, 5.714285714285716, -1.7582417582417582, 11.868131868131872, -5.714285714285716, -6.593406593406596, -2.6373626373626378]

head_servo_offset_list = [0.8791208791208793, -2.6373626373626378, 1.7582417582417584]

tail_servo_offset_list = [0.0]

